// import { useState } from 'react';
// import { useBoard } from './useBoard';
// export const useIndex = () => {
//   const [stockedBlocks, setState] = useState<number[][]>([]);
//   const [floatingBlocks, setfloat] = useState([
//     [0, 0, 0, 0, 0, 0, 0, 0, 0, 0, 0, 0],
//     [0, 0, 0, 0, 0, 0, 0, 0, 0, 0, 0, 0],
//     [0, 0, 0, 0, 0, 0, 0, 0, 0, 0, 0, 0],
//     [0, 0, 0, 0, 0, 0, 0, 0, 0, 0, 0, 0],
//     [0, 0, 0, 0, 0, 0, 0, 0, 0, 0, 0, 0],
//     [0, 0, 0, 0, 0, 0, 0, 0, 0, 0, 0, 0],
//     [0, 0, 0, 0, 0, 0, 0, 0, 0, 0, 0, 0],
//     [0, 0, 0, 0, 0, 0, 0, 0, 0, 0, 0, 0],
//     [0, 0, 0, 0, 0, 0, 0, 0, 0, 0, 0, 0],
//     [0, 0, 0, 0, 0, 0, 0, 0, 0, 0, 0, 0],
//     [0, 0, 0, 0, 0, 0, 0, 0, 0, 0, 0, 0],
//     [0, 0, 0, 0, 0, 0, 0, 0, 0, 0, 0, 0],
//     [0, 0, 0, 0, 0, 0, 0, 0, 0, 0, 0, 0],
//     [0, 0, 0, 0, 0, 0, 0, 0, 0, 0, 0, 0],
//     [0, 0, 0, 0, 0, 0, 0, 0, 0, 0, 0, 0],
//     [0, 0, 0, 0, 0, 0, 0, 0, 0, 0, 0, 0],
//     [0, 0, 0, 0, 0, 0, 0, 0, 0, 0, 0, 0],
//     [0, 0, 0, 0, 0, 0, 0, 0, 0, 0, 0, 0],
//     [0, 0, 0, 0, 0, 0, 0, 0, 0, 0, 0, 0],
//     [0, 0, 0, 0, 0, 0, 0, 0, 0, 0, 0, 0],
//   ]);

//   // const [count, setCount] = useState(0);


//   const board = useBoard({
//     stockedBlocks,
//     floatingBlocks
//   });
//   return { board};
// };